Pi: 3.141593 Dx: 0.628319 Dy: 0.628319 norm1: 0.447214 norm2: 0.447214 a: 0.349066 b: 1.396263
V1: 0.250079 -0.275332 -0.420243 0.015607 0.429889 0.250079 -0.275332 -0.420243 0.015608 0.429889 
V2: 0.321699 -0.394866 -0.077658 0.442861 -0.196046 -0.321698 0.394866 0.077658 -0.442861 0.196046 
V3: -0.310661 -0.209954 0.440419 -0.062240 -0.401953 0.310661 0.209954 -0.440419 0.062240 0.401953 
i value: 0, 0.080450 i value: 1, 0.108719 i value: 2, 0.032635 i value: 3, 0.006912 i value: 4, -0.084278 i value: 5, -0.080450 i value: 6, -0.108719 i value: 7, -0.032635 i value: 8, -0.006912 i value: 9, 0.084278 

-0.077690 0.085535 0.130553 -0.004849 -0.133550 -0.077690 0.085535 0.130553 -0.004849 -0.133550 
-0.052505 0.057807 0.088232 -0.003277 -0.090257 -0.052505 0.057807 0.088232 -0.003277 -0.090257 
0.110139 -0.121262 -0.185083 0.006874 0.189332 0.110140 -0.121262 -0.185083 0.006874 0.189332 
-0.015565 0.017137 0.026156 -0.000971 -0.026756 -0.015565 0.017137 0.026156 -0.000971 -0.026756 
-0.100520 0.110671 0.168918 -0.006273 -0.172795 -0.100520 0.110671 0.168918 -0.006274 -0.172795 
0.077690 -0.085535 -0.130553 0.004849 0.133550 0.077690 -0.085535 -0.130553 0.004849 0.133550 
0.052505 -0.057807 -0.088232 0.003277 0.090257 0.052505 -0.057807 -0.088232 0.003277 0.090257 
-0.110139 0.121262 0.185083 -0.006874 -0.189332 -0.110140 0.121262 0.185083 -0.006874 -0.189332 
0.015565 -0.017137 -0.026156 0.000971 0.026756 0.015565 -0.017137 -0.026156 0.000971 0.026756 
0.100520 -0.110670 -0.168918 0.006273 0.172795 0.100520 -0.110671 -0.168918 0.006274 0.172795 
L1: 10 L2:10
The dot product is -0.000000
Matrix Total: -0.000000 Matrix Diagonal Total: 0.000000
