Inputs:  Flag1: -d n: 5 fileMat: 5 Flag2: -F m: 3 fileRef: testref.txt
Matrix Length: 5
1.000 0.000 0.000 0.000 0.000 0.000 0.000 0.000
0.000 2.000 0.000 0.000 0.000 -nan 0.000 0.000
0.000 0.000 3.000 0.000 0.000 0.000 0.000 0.000
0.000 0.000 0.000 4.000 0.000 0.000 0.000 0.000
0.000 0.000 0.000 0.000 5.000 0.000 0.000 0.000
Matrix Length: 5
1.000 1.000 1.000
1.000 1.000 1.000
1.000 1.000 1.000
1.000 1.000 1.000
1.000 1.000 1.000
Matrix Length: 5
1.000 0.000 0.000 0.000 0.000 1.000 1.000 1.000
0.000 2.000 0.000 0.000 0.000 2.000 2.000 2.000
0.000 0.000 3.000 0.000 0.000 3.000 3.000 3.000
0.000 0.000 0.000 4.000 0.000 4.000 4.000 4.000
0.000 0.000 0.000 0.000 5.000 5.000 5.000 5.000
